0000000000000000000000000000000000000000000000000000000000000100000000000000001001000000100000000010010000010100000000100100001001000000001001000010010000000010010001000100000000100100010001000000001001001000010000000010010010000100000000100101000001000000001001010000001000000010011000000001000001000110000000001000100000000000000001110000000000000000000000000000000000000000000000000000000000000000
0000000000000000000000000000000000000000000000000000000000000000000000000000000000111000000000010000001000000000000100000110000000010001000001000000011000010000010000000110000100000100000011000001000001000000110000010000010000010100000100000010001101100001000000011110001111100000000000000000000000000000000000000000000000000000000000000000000000000000000000000000000000000000000000000000000000000000
0000000000000000000000000000000000000000000000000000000000000000000000000000000000010000000000001100001100000000000001000010000000000000010000100000011000000100001000000110000010000010000011000000100000100001110000001000001000100100000010000010011001100000100000101100001100110000001100000001111000000010000000000000000000000000000000000000000000000000000000000000000000000000000000000000000000000000
0000000000000000000000000000000000000000000000000000000000000000000000000000000000100000000000000000001000000001000001000100000000100000010001000000011000000100010000000100000001000100000001000000010001000000111000000100001000011010000001000011000100110000110000011111000111011000000000000000011100000000000000000000000000000000000000000000000000000000000000000000000000000000000000000000000000000000
0000000000000000000000100000000000000000001000000000000000100010000000010000011000100000001100000100001000000111000001000010000001010000010000100000100100001100001000001001000010000010000100010000100000100011000100001000001000100001000010000010011000010001000000100100000110010000001001000000101100000010100000001010000000101000000011000000000100000000110000000001000000000000000000000000000000000000
0000000000000000000000000000000000000000000000000000000000000010000000000000000001100000011000000010010000000110000000100100000011100000001001000000101000000010010000001010000000100100000010100000001001000000101000000010010000001001000000100100000100010000001001000001000010000010010000010000110000100110000100001110010000100011000000111100001111100000000000000000000000000000000000000000000000000000
0000000000000000000000000000000000000000000000000000000000000000000000000000000000111000000000000000011000000001100000100100000000110000001001000000011000000010100000001110000000101000000010100000001010000000101000000010100000001010000001101000000100100000010010000001001100000100100000010001110010001100000100000111100001100010000000000000001111000000000000000000000000000000000000000000000000000000
0000000000000000000000000000000000000000001110000000000000100010000000000000001000100000000000000010001000000001100000010010000001110000000100100000110100000001001000011001000000010010000100010000000100100010000100000001001001000001000000010010110000010000000100111000000100000011000100000001000000100001000000001000011000000000000011101100000000000000001110000000000000000000000000000000000000000000
0000000000000000000000000000000000000000001110000000000000000010000000000100001000100000000011000010001000000001100000100010000000110000001000100000011100000010001000001101000000100010000110010000001000100011000100000010001000100001000000100010010000010000011000101100000010000100001110000000011110000011000000000000000000100000000000000000000000000000000000000000000000000000000000000000000000000000
0000000000000000000000000000000000000000000000000000000000000000000000000000000000001000000000000000000010000000000000000000100000001100000000001000000111000000000010000001100001000000100000101000010000001000110010000100000010011000100001000000101000001000010000001110000010000100000010000000100001000000100000000100110000000000000000111000000000000000000000000000000000000000000000000000000000000000
0000000000000000000000000000000000000000000000000000000000000000000000000000000000010000000000000000000100000010000001000001000001100000010000001000110000000100000010001100000011000000100111000000100000001001010000011000000010100110001100000000101000111100000000001100000000000000000011000000000000000000000000000000000000000000000000000000000000000000000000000000000000000000000000000000000000000000
0000000000000000000000000000000000000000000000000000000000000100000000100000000001000000011000001000010000001110000001000100000011000000010000100001110000000100001000010100000001000010001001000000010000100110010000000100001011000100000001000010100000100000110000111000001100001000001100000001111100000010000000000000000000000000000000000000000000000000000000000000000000000000000000000000000000000000
0000000000000000000000000000000000000000000000000000000000000000000000000000000001000000000000000100010000000000000000100100000011000000001001000001100000000010001000111000000000100010001010000000001000100110100000000010001001001000000000100010010011000000011000100100010000000100001010000011000011000011100000011111100000110000000000000000000000000000000000000000000000000000000000000000000000000000
0000000000000000000000000000000000000000000000000000000000000001100000000000000000110000000000001000011000000100000010000100000011000000100001000000110000001000010000011000000010000100000110000000100001000001100000001000010000101000000110000100001001000011000001100110011111100000001111000000000000000000000000000000000000000000000000000000000000000000000000000000000000000000000000000000000000000000
