0000000000000000000000000000000000000000000001110011100000000001100101000110000000110000100000100000001000001000001000000010000010000010000000100000100000100000000100010100010000000000111000111000000000000000000000000000000000000000000000000000000000000000000000000000000000000000000000000000000000000000000000000000000000000000000000000000000000000000000000000000000000000000000000000000000000000000
0000000000000000000000000000000000000000011111111111111111000100000010000000010001000000100000000100010000001100000001000100000011000000110001000000110000001000010000010100000010000100000100100000100001000001001000011000010000100001001100000011001000011110000000011110000000000000000000000000000000000000000000000000000000000000000000000000000000000000000000000000000000000000000000000000000000000000
0000000000000000000000000000000000000000000000000000000000000111111111111111111001000000001000000010010000000010000000100100000000100000001001000000001000000010010000000110000000100100000001100000001001000000011000000010010000000110000000100110000010010000001000100001100110000100001101110000011110000000100000000000000000000000000000000000000000000000000000000000000000000000000000000000000000000000
0000000000000000000000000000000000000000011111111111111111100100000001000000001001000000010000000010010000000100000000100100000001000000001001000000010000000010010000000100000000100100000001000000001001100000010000000010001000000100000001000010000001100000110000110000011101110000000111001001110000000000011110000000000000000000000000000000000000000000000000000000000000000000000000000000000000000000
0000000000000000000000000000000000000000011111111111111111100100000010000000001001000000100000000010010000001000000000100100000010000000001001000000100000000010010000001000000000100100000010000000010001000000100000000100011000001000000011000011000011000011100000011000111111000000000011111000000000000000000000000000000000000000000000000000000000000000000000000000000000000000000000000000000000000000
0000000000000000000000000000000000000000011111111111111111100100000010000000001001000000100000000010010000001000000000100100000010000000001001000000100000000010010000001000000001100100000010000000010001000000100000000100001000001100000001000010000111100000110000100001001111111000001111110000000000000000000000000000000000000000000000000000000000000000000000000000000000000000000000000000000000000000
0000000000000000000000000000000000000000000000000000000000000111111111111111111011000000100000000010100000001000000000101000000010000000001010000000100000000100100000011100000001001000000101000000010011000001010000001100010000100110000110000110011000111110000000111100000000000000000000000000000000000000000000000000000000000000000000000000000000000000000000000000000000000000000000000000000000000000
0000000000000000000000000000000000000000000000000000000000000111111111111111111001000000100000000010010000001000000000100100000010000000001001000000100000000110010000011000000001000100000110000000010001000001110000001100010000010110000010000100001100011001100001100010000001110000001111000000000000000000000000000000000000000000000000000000000000000000000000000000000000000000000000000000000000000000
0000000000000000000000000000000000000000011111111111111111000100000010000000010001000000100000000100010000001000000001000100000010000000010001000000100000000100010000001000000001000110000010000000010000100000110000000100001100001110000011000001000100111001100000011110000001110000000000000000000000000000000000000000000000000000000000000000000000000000000000000000000000000000000000000000000000000000
0000000000000000000000000000000000000000011111111111111111100100000010000000001001000000100000000010010000010000000000100100000100000000001001000001000000000010010000010000000000100100000100000000001001000000100000000110010000011100000111000110001101111111000000110110000000000000000110000000000000000000000000000000000000000000000000000000000000000000000000000000000000000000000000000000000000000000
0000000000000000000001111111111111111110010000000100000000100100000001000000001001000000010000000010010000000100000000100100000001000000001001000000010000000010010000000100000000100100000001000000001001000000010000000010001000001010000001000001000100010001100000001110000011100000000000000000000000000000000000000000000000000000000000000000000000000000000000000000000000000000000000000000000000000000
0000000000000000000000000000000000000000001111111111111111000100000001000000010011000000010000000100100000000100000001001000000001000000010000000000110000000100000000001000000001001000000010000000010010000000100000000100010000011000000001000110000111000000010000110001011000001000000111100011000100000000000000011110000000000000000000000000000000000000000000000000000000000000000000000000000000000000
0000000000000000000000000000000000000000001111111111111111000100000001000000010011000000010000000100100000000100000001001000000001000000010000000000110000000100000000001000000001001000000010000000010010000000100000000100010000011000000001000110000111000000010000110001011000001000000111100011000100000000000000011110000000000000000000000000000000000000000000000000000000000000000000000000000000000000
0000000000000000000000000000000000000000001111111111111111000100000001000000010011000000010000000100100000000100000001001000000001000000010010000000110000000100100000001000000001001000000010000000010010000000100000000100010000011000000001000110000111000000010000110001011000001000000111100011000100000000000000011110000000000000000000000000000000000000000000000000000000000000000000000000000000000000
0000000000000000000000000000000000000000001111111111111111000100000001000000010011000000010000000100100000000100000001001000000001000000010010000000110000000100100000001000000001001000000010000000010010000000100000000100010000011000000001000110000111000000010000110001011000001000000111100011000100000000000000011110000000000000000000000000000000000000000000000000000000000000000000000000000000000000
0000000000000000000000000000000000000000001111111111111111000100000001000000010011000000010000000100100000000100000001001000000001000000010010000000110000000100100000001000000001001000000010000000010010000000100000000100010000011000000001000110000111000000010000110001011000001000000111100011000100000000000000011110000000000000000000000000000000000000000000000000000000000000000000000000000000000000
0000000000000000000000000000000000000000001111111111111111000100000001000000010011000000010000000100100000000100000001001000000001000000010010000000110000000100100000001000000001001000000010000000010010000000100000000100010000011000000001000110000111000000010000110001011000001000000111100011000100000000000000011110000000000000000000000000000000000000000000000000000000000000000000000000000000000000
0000000000000000000000000000000000000000000111000000000000000011011000000000000000100011000001111000001000010001100010000100000110110000110001000000111000000100010000001100000001000100000010000000110001100001110000011000001101100110001100000000110000011100000000000000000000000000000000000000000000000000000000000000000000000000000000000000000000000000000000000000000000000000000000000000000000000000
0000000000000000000000000000000000000000000000000000000000000000000000000000000000111110000000000000001000110001111100000100000111100001100001000000110000001000010000001000000010000100000010000000010001100000100000000100001100011000000010000001111111000000100000000000011000011000000000000011111100000000000000000000000000000000000000000000000000000000000000000000000000000000000000000000000000000000
0000000000000000000000000000000000000000000000000000000000000001111111111100000000010000100001000000000100001000010000000001000010000100000000010000100001000000000100001000010000000001000010000100000000011111111111000000000000000000000000000000000000000000000000000000000000000000000000000000000000000000000000000000000000000000000000000000000000000000000000000000000000000000000000000000000000000000
0000000000000000000000000000000000000000000000000000000000000000000000000000000000000000000000000000000110000010000000000011110001110000000001100110110010000000010000111000110000001000000110000110000010000011110000100000110001100011101000000110010000001110000000011000000000000000000000000000000000000000000000000000000000000000000000000000000000000000000000000000000000000000000000000000000000000000
0000000000000000000000000000000000000000000010000000000000000001110000000000000000110110000001110000011000110000110110001100000100110000100010000001111000001100100000001110000001101100001100110000001001000110000110000110011011000000110011000011100000000100100000000000000000110000000000000000000000000000000000000000000000000000000000000000000000000000000000000000000000000000000000000000000000000000
0000000000000000000000000000000000000000000000000000000000000000000000000011111000000000000001100010001111010001100000100110001110110000001011000000111000000010100000001100000000101000000111100000001010000011001100000010100001100001000001001000110000001000110011111000000001110000000000000000000000000000000000000000000000000000000000000000000000000000000000000000000000000000000000000000000000000000
0000000000000000000000000000000000000000000000000000000000000000000000000000000000000000000000000000000111100001110000000001001101110110000000110001110000110000001000001000000100000010000011000001000000100001011000010000001000010011001100000011001000001110000000011110000000000000000000000000000000000000000000000000000000000000000000000000000000000000000000000000000000000000000000000000000000000000
0000000000000000000000000000000000000000000000000000000000000000000000000000000001111100000000000000110000100111111100001000001111000001100010000001110000001100100000110110000001001000011000110000010010001000000110001100011100000000111100000000000000000000000000000000000000000000000000000000000000000000000000000000000000000000000000000000000000000000000000000000000000000000000000000000000000000000
